# 1000 Instruction;    3.6 pairs / instruction


# LLaVA1.5-13b  
Acc: 45.82312925170068
TP:  45.7687074829932
TN:  0.05442176870748299
FP:  54.06802721088435
FN:  0.10884353741496598


# LLaVA1.5-13b-ft-default-params-1e 
Acc: 69.14285714285714
TP:  33.82312925170068
TN:  35.31972789115646
FP:  18.802721088435373
FN:  12.054421768707483

